   1     1     2  0.1938000D-01  0.5917000D-01  0.5280000D-01
   2     1     5  0.5403000D-01  0.2230400D+00  0.4920000D-01
   3     2     3  0.4699000D-01  0.1979700D+00  0.4380000D-01
   4     2     4  0.5811000D-01  0.1763200D+00  0.3740000D-01
   5     2     5  0.5695000D-01  0.1738800D+00  0.3400000D-01
   6     3     4  0.6701000D-01  0.1710300D+00  0.3460000D-01
   7     4     5  0.1335000D-01  0.4211000D-01  0.1280000D-01
   8     4     7  0.0000000D+00  0.2091200D+00  0.0000000D+00
   9     4     9  0.0000000D+00  0.5561800D+00  0.0000000D+00
  10     5     6  0.0000000D+00  0.2520200D+00  0.0000000D+00
  11     6    11  0.9498000D-01  0.1989000D+00  0.0000000D+00
  12     6    12  0.1229100D+00  0.2558100D+00  0.0000000D+00
  13     6    13  0.6615000D-01  0.1302700D+00  0.0000000D+00
  14     7     8  0.0000000D+00  0.1761500D+00  0.0000000D+00
  15     7     9  0.0000000D+00  0.1100100D+00  0.0000000D+00
  16     9    10  0.3181000D-01  0.8450000D-01  0.0000000D+00
  17     9    14  0.1271100D+00  0.2703800D+00  0.0000000D+00
  18    10    11  0.8205000D-01  0.1920700D+00  0.0000000D+00
  19    12    13  0.2209200D+00  0.1998800D+00  0.0000000D+00
  20    13    14  0.1709300D+00  0.3408200D+00  0.0000000D+00