   1     1     2  0.01920  0.05750  0.05280
   2     1     3  0.04520  0.16520  0.04080
   3     2     4  0.05700  0.17370  0.03680
   4     3     4  0.01320  0.03790  0.00840
   5     2     5  0.04720  0.19830  0.04180
   6     2     6  0.05810  0.17630  0.03740
   7     4     6  0.01190  0.04140  0.00900
   8     5     7  0.04600  0.11600  0.02040
   9     6     7  0.02670  0.08200  0.01700
  10     6     8  0.01200  0.04200  0.00900
  11     6     9  0.00000  0.20800  0.00000
  12     6    10  0.00000  0.55600  0.00000
  13     9    11  0.00000  0.20800  0.00000
  14     9    10  0.00000  0.11000  0.00000
  15     4    12  0.00000  0.25600  0.00000
  16    12    13  0.00000  0.14000  0.00000
  17    12    14  0.12310  0.25590  0.00000
  18    12    15  0.06620  0.13040  0.00000
  19    12    16  0.09450  0.19870  0.00000
  20    14    15  0.22100  0.19970  0.00000
  21    16    17  0.05240  0.19230  0.00000
  22    15    18  0.10730  0.21850  0.00000
  23    18    19  0.06390  0.12920  0.00000
  24    19    20  0.03400  0.06800  0.00000
  25    10    20  0.09360  0.20900  0.00000
  26    10    17  0.03240  0.08450  0.00000
  27    10    21  0.03480  0.07490  0.00000
  28    10    22  0.07270  0.14990  0.00000
  29    21    22  0.01160  0.02360  0.00000
  30    15    23  0.10000  0.20200  0.00000
  31    22    24  0.11500  0.17900  0.00000
  32    23    24  0.13200  0.27000  0.00000
  33    24    25  0.18850  0.32920  0.00000
  34    25    26  0.25440  0.38000  0.00000
  35    25    27  0.10930  0.20870  0.00000
  36    28    27  0.00000  0.39600  0.00000
  37    27    29  0.21980  0.41530  0.00000
  38    27    30  0.32020  0.60270  0.00000
  39    29    30  0.23990  0.45330  0.00000
  40     8    28  0.06360  0.20000  0.04280
  41     6    28  0.01690  0.05990  0.01300