   1   1  1    1.3977    1.3949   .2665E-03
   2   2  1     .2551     .2557   .1567E-03
   3  -1  3    -.8979    -.8755   .3116E-03
   4   2  3     .4854     .4666   .2221E-03
   5   3  3     .4829     .4987   .2216E-03
   6   4  3     .3831     .3765   .2022E-03
   7  -5  3    -.2825    -.2786   .1836E-03
   8   6  3    -.1660    -.1891   .1632E-03
   9   7  3    -.4184    -.4258   .2090E-03
  10  -8  3    -.1927    -.2032   .1677E-03
  11   9  3     .1095     .1007   .1537E-03
  12  10  3     .2850     .2733   .1841E-03
  13 -11  3    -.0436    -.0339   .1430E-03
  14  12  3     .0509     .0734   .1441E-03
  15  13  3     .1152     .1341   .1546E-03
  16  14  3     .0000    -.0101   .1361E-03
  17 -15  3    -.1927    -.1840   .1677E-03
  18  16  3     .0403     .0242   .1424E-03
  19 -17  3    -.0656    -.0515   .1465E-03
  20  18  3    -.0201    -.0456   .1393E-03
  21 -19  3    -.0099    -.0222   .1377E-03
  22  20  3     .0345     .0332   .1415E-03
  23   1  2    -.0820    -.0963   .1426E-03
  24   2  2    -.1093    -.1268   .1447E-03
  25  -1  4     .0227     .0111   .1397E-03
  26   2  4    -.0447    -.0211   .1431E-03
  27   3  4     .0662     .0580   .1466E-03
  28   4  4    -.0999    -.0977   .1521E-03
  29  -5  4     .0754     .0381   .1481E-03
  30   6  4    -.1250    -.1243   .1562E-03
  31   7  4     .0173     .0252   .1388E-03
  32  -8  4     .1365     .1578   .1582E-03
  33   9  4    -.0439    -.0548   .1430E-03
  34  10  4    -.0988    -.1011   .1519E-03
  35 -11  4    -.0167     .0091   .1387E-03
  36  12  4     .0155    -.0050   .1385E-03
  37  13  4     .0436     .0516   .1430E-03
  38  14  4    -.1481    -.1362   .1601E-03
  39 -15  4    -.0080    -.0253   .1374E-03
  40  16  4     .0344     .0262   .1415E-03
  41 -17  4    -.0264    -.0224   .1402E-03
  42  18  4    -.0046    -.0019   .1368E-03
  43 -19  4    -.0042     .0068   .1368E-03
  44  20  4     .0075     .0023   .1373E-03
  45   1  5    1.0600    1.0592   .1248E-04
  46   2  5    1.0450    1.0432   .1213E-04
